1 1 2.005977343912484
1 2 -0.19646712927408438
1 3 -0.14093681273914793
2 1 -0.870446287729222
2 2 1.271825615651254
2 3 -0.7767876536404101
2 4 -0.42082049857977055
3 1 -0.562675083656266
3 2 -0.0010086092112265854
3 3 2.0711132973484423
3 4 -0.01258375632573383
3 5 -0.22709388644685857
4 2 -0.43766186406066787
4 3 -0.29158017017386295
4 4 1.5129035015291388
4 5 -0.198352629071344
4 6 -0.689355929211213
5 3 -0.2906469312605773
5 4 -0.7444867678187923
5 5 2.1792927746483226
5 6 -0.6361420537022447
5 7 -0.23184415642371203
6 4 -0.2723210652132919
6 5 -0.5645108226980511
6 6 2.3852951833831733
6 7 -0.06227802519258985
6 8 -0.898339005993424
7 5 -0.8652440169360333
7 6 -0.8775444268278818
7 7 1.8061648928647596
7 8 -0.822082042729207
7 9 -0.976883162579482
8 6 -0.027003531322787655
8 7 -0.03577483121666725
8 8 3.0751022387867115
8 9 -0.9709578522183127
8 10 -0.8672739642890119
9 7 -0.7180331943090446
9 8 -0.41652853265131995
9 9 2.4648608910596845
9 10 -0.9206344005470678
10 8 -0.6746754648247084
10 9 -0.002526821634627474
10 10 2.3312143674211105
