1 1 12.854845087682445
1 2 -7.0183529117227925
2 1 -7.92464684884206
2 2 12.726010885730345
2 3 -4.207612786492963
3 2 -5.535361244411833
3 3 20.771426948290006
3 4 -3.20595976159209
4 3 -7.647960701449166
4 4 17.323973935891345
4 5 -1.712762642055028
5 4 -6.683101762094932
5 5 8.932471176116843
5 6 -6.29572939008741
6 5 -4.167320734954499
6 6 12.173093971279732
6 7 -6.778836117627157
7 6 -2.6834696912848113
7 7 16.11749657194303
7 8 -0.669008285275744
8 7 -7.9744376525345375
8 8 8.91056965911627
8 9 -3.514189965171153
9 8 -5.176538902941136
9 9 20.561217273003948
9 10 -5.817381973753534
10 9 -9.437648216927
10 10 12.127059219075239
